100
-23 72 -21 -11 -45 129 -52 110 -85 79 60 45 116 125 101 -56 -2 68 -42 122 -99 106 105 15 -8 -36 -80 -27 -75 33 75 28 -24 -76 -113 57 -77 -38 37 -36 -89 -33 -121 -103 -38 107 -32 86 45 52 79 72 29 54 -42 -109 -112 4 -10 -61 -93 -65 94 9 -14 107 -64 35 -61 99 126 -23 -64 -125 0 25 108 94 -19 24 17 -70 -34 -84 110 50 -67 125 -76 49 -66 -42 110 -102 93 -34 -124 -100 128 -59 
125 124 44 -68 125 -85 83 104 -121 -66 -2 22 -9 90 64 -29 11 123 -34 61 42 27 -111 23 51 109 115 53 -121 113 121 -126 107 35 -68 103 76 -115 77 82 -54 -55 -26 63 -95 -91 -96 42 -98 -3 -26 71 -106 -11 -36 71 -32 -51 -5 -27 -67 -14 -26 -90 -109 32 -117 94 44 86 46 116 -99 -110 49 -67 -75 79 101 -46 -54 -55 -105 -34 61 -15 -92 -101 60 29 -1 119 -115 99 -100 -98 1 -91 122 -85 
122 38 -99 -107 55 76 -48 106 26 -76 -70 98 -5 -49 -65 -74 62 -31 -48 -7 124 77 -18 -121 46 8 -93 -83 44 -100 -41 36 64 -14 55 -11 -67 -122 -34 85 -72 22 53 49 100 114 102 32 -47 -76 -105 -53 127 4 -48 43 -118 -14 86 52 12 -85 -42 -54 28 -116 62 87 -112 -102 42 -58 46 -35 117 16 -50 89 -81 29 -117 -60 103 -120 70 -75 49 79 37 6 1 -81 47 86 -8 -55 96 -76 -98 110 
-52 70 -78 120 -94 -91 7 -18 125 52 -119 -122 118 110 -115 59 -94 60 8 69 -64 -121 115 110 91 -23 -75 57 27 -46 37 101 -106 85 91 -74 121 -32 34 116 -110 42 120 -121 22 -125 64 54 62 -58 -6 124 -53 -21 104 -91 82 -100 92 -21 -20 0 -50 0 -45 -89 53 -54 6 -43 -68 22 125 -77 27 18 -76 -39 -58 112 29 62 107 103 -89 81 -118 119 107 100 -32 -43 -30 44 84 52 82 7 124 -42 
90 -73 106 86 -24 4 -26 26 91 42 9 -9 -25 -14 -36 12 -63 -28 2 -85 -58 96 -2 39 11 -48 -39 -37 85 -45 47 46 8 23 2 110 -103 102 7 115 14 -114 -24 115 -2 66 -2 61 -92 126 102 -24 92 -29 -115 -27 49 -28 62 5 54 -21 -79 -68 129 49 -87 -104 21 46 -119 -95 58 -17 -109 -74 -81 15 113 -47 11 86 56 -27 -73 67 73 102 -90 5 -23 90 111 24 -108 110 -57 -69 -124 90 
103 -116 122 31 -7 -117 83 39 24 67 118 -95 23 44 4 76 -18 -53 48 18 79 -104 -22 60 46 -4 40 116 54 42 76 27 52 68 -71 -84 77 -118 81 -29 75 69 2 -32 -16 -123 -86 92 -50 89 -20 -101 111 84 85 27 -50 -5 13 -126 -92 -40 28 86 -102 83 128 102 91 79 -57 37 19 72 -125 129 75 -84 91 -105 -125 -59 -79 112 -105 -124 9 -29 -2 -107 -28 32 -21 126 -12 3 79 -13 -25 40 
-64 45 -53 81 -13 -51 80 -68 -9 41 -47 -8 108 0 -26 129 3 109 -29 127 128 69 29 -23 65 -113 107 14 0 -48 -76 63 123 -2 14 -20 73 -35 38 -66 -124 118 52 111 -12 -104 110 117 -125 -49 114 -126 -110 13 -23 81 27 -46 -35 -103 33 16 86 26 -116 -29 -123 83 62 41 -113 64 29 65 45 -112 87 26 -125 88 103 116 88 120 -1 -64 71 -104 16 -93 -80 -81 49 -124 72 59 -27 75 12 -95 
-14 25 96 -114 -40 11 -100 -83 -93 -99 -125 -119 -113 90 127 13 -104 68 35 38 101 81 84 20 84 26 -51 -73 -29 87 -41 83 -18 -75 95 68 62 121 111 96 -107 113 103 -94 73 100 45 95 38 -49 3 10 -98 -43 -100 112 109 -24 -90 -50 -67 -5 -96 42 46 125 -20 -22 117 -38 -56 -120 -55 -83 -88 -112 -113 84 109 52 -95 -18 -68 -67 66 -42 -84 45 60 -48 122 120 73 -104 32 -11 -109 -118 93 -122 
-30 -92 -116 41 -49 -77 55 -35 -123 34 -113 -92 -113 -55 -33 79 29 9 -6 -40 87 -14 -50 30 8 108 -111 26 116 109 30 -43 -113 41 124 -36 90 50 55 93 -46 68 127 -33 -117 -36 -84 39 100 37 125 57 -107 -55 -42 28 -77 -27 -76 -91 -48 80 -8 -35 -9 -13 56 -49 -93 -19 -86 -13 -80 -89 81 -71 2 123 94 -28 30 89 -101 50 -96 -17 -52 -47 83 -2 -11 -95 -52 107 -3 66 -36 -77 -113 -3 
30 -72 111 76 -35 62 -124 93 55 96 -65 -44 56 -39 -124 86 70 -50 -90 23 74 25 55 -108 2 -78 84 93 -29 98 -40 127 -104 -59 74 -13 129 76 -49 55 42 12 -119 -32 99 -117 -75 40 -41 -39 -67 -97 112 114 -79 -16 -94 -124 -53 3 100 34 1 122 101 -55 -21 101 -109 56 26 59 -61 33 -102 -92 42 -51 74 127 36 -122 -100 18 118 -53 128 -105 -51 -54 24 -81 106 -105 -89 77 -34 17 48 -17 
-57 -56 -87 8 103 -63 43 15 12 -13 12 -82 -9 38 62 -20 112 60 1 -69 -124 -105 -23 108 -83 14 56 9 -99 -26 119 -29 45 -98 105 18 -35 18 -96 103 -124 42 -109 -7 -49 79 99 -67 9 -30 -10 12 -8 93 -10 35 -22 -84 -86 5 17 -97 102 -68 -69 78 76 22 -34 106 -5 -32 19 12 88 96 -39 57 -101 97 -102 15 -21 16 -21 95 -79 83 -118 -39 -42 25 -9 -69 83 48 -121 29 -59 -29 
6 62 66 -105 -55 24 117 32 -49 -114 -1 -25 27 104 117 -124 70 -92 85 78 -4 -86 -27 113 -29 -74 31 -24 81 98 73 -43 31 9 -22 102 -97 -35 4 -19 -23 -126 82 -125 104 70 -123 44 104 89 -8 -30 129 91 -47 -30 -113 111 72 95 79 15 -78 -20 -105 27 -48 -76 118 83 31 -34 83 -16 -33 57 -76 -30 -28 -102 -71 90 -5 -72 52 74 24 65 55 -34 30 5 108 79 111 129 -24 -66 -77 -36 
-113 81 56 96 -65 -107 23 -15 -10 121 9 45 82 -126 100 4 75 -6 -61 0 87 96 -125 65 45 113 64 -109 -83 113 -19 -70 64 -92 -104 125 -73 45 -20 43 37 116 -41 -11 116 -71 119 61 49 -72 -68 6 -106 -67 -59 65 -84 -125 82 -41 115 -66 15 49 -32 37 45 21 -47 -105 -65 116 -119 20 -25 124 75 -36 55 -6 18 113 127 39 -83 -62 -26 -41 -60 -73 45 -75 -13 -70 100 81 94 15 -28 -83 
37 33 -97 44 -77 4 38 124 94 -36 -11 -18 -53 -14 -109 -10 50 -8 76 116 45 -9 -89 -98 47 -118 109 11 23 -49 54 -70 111 83 101 -96 -43 9 -101 -79 99 14 30 -83 126 47 33 46 -91 -21 33 80 96 70 108 14 78 87 -105 -28 -91 76 28 -110 29 -1 -80 113 -121 -55 -96 104 85 60 -109 81 -22 51 -2 13 -100 -99 -36 123 97 -58 7 46 -100 28 -112 -65 -26 42 -49 -126 -88 -3 113 -83 
69 -113 -109 24 74 -91 -24 -78 86 100 61 112 127 -105 105 94 -36 -18 10 -10 -119 24 51 -19 -63 128 -19 -25 -5 -36 18 -66 -22 35 85 -78 70 -69 -30 26 -99 -99 9 -102 -77 -16 118 13 93 -1 129 100 -107 50 -49 -44 48 59 57 -87 -107 -55 -26 -3 107 -71 45 47 -14 -115 -56 13 -87 79 37 -38 -67 25 101 -104 -106 100 122 -86 20 -56 -4 -62 129 -76 -23 -108 -5 77 16 -28 -124 -69 -110 -12 
-57 -40 127 -18 -91 34 70 -32 -70 41 -9 -50 11 -17 -10 -99 53 113 -35 52 -93 68 71 28 16 -43 127 18 14 -113 -123 83 -27 -126 -65 8 35 -125 102 91 42 -37 -89 -77 73 28 -50 -4 11 41 -81 44 -20 116 -58 122 -57 -61 10 83 -48 13 37 51 14 98 -71 -81 100 -98 -120 12 -9 -83 62 -66 71 -118 57 -48 50 102 122 -100 88 -65 -108 -99 0 28 110 79 -88 17 0 52 -14 56 97 -44 
84 103 94 -55 -110 26 6 88 35 -67 -90 -45 -95 -97 -19 119 -36 -1 -110 90 -103 126 39 -65 14 -90 113 126 92 80 -48 46 53 -84 117 70 69 -7 28 -26 52 64 55 83 93 -94 72 -73 31 88 -112 54 85 53 116 -31 89 99 -35 51 50 43 -33 -27 85 -45 -87 24 74 67 124 -3 2 49 -50 -35 81 -107 19 -18 107 33 -93 62 -44 -107 -99 -84 118 -8 93 38 -95 -69 -118 117 12 -79 11 -44 
115 6 79 -13 -75 -100 78 -123 -81 -33 -15 -104 126 18 85 -47 37 112 -5 26 -25 -42 -66 6 15 -58 -7 -103 -10 -125 -20 -25 7 -71 88 58 -45 36 61 0 -126 -83 23 126 61 -22 -51 -31 -40 70 121 61 -101 -75 -62 40 -6 57 64 110 58 -86 -45 -65 -31 -87 120 51 75 51 -79 75 94 70 72 26 -82 -109 121 5 88 112 -64 113 -93 0 23 27 -72 -43 7 112 -3 88 -82 93 127 -92 14 73 
85 61 18 50 2 -40 -54 46 -22 -63 -79 -64 -81 -16 -81 -48 110 68 106 -92 -104 -17 -109 19 -58 -65 -18 -61 -31 122 -118 -76 54 27 100 -74 113 -84 98 -39 -21 -110 23 24 0 68 103 -20 7 79 15 29 -68 32 -82 0 93 27 66 -68 19 74 -18 -57 -29 -47 -5 -45 -5 -36 42 101 -20 -64 -5 106 -126 -32 -44 7 -83 97 -94 -24 -1 -49 102 -38 104 38 20 -7 -17 129 63 80 -48 -72 -95 73 
18 74 44 124 -120 -90 100 -120 4 -73 14 48 -106 46 -106 20 123 122 108 97 31 -1 -39 -116 -2 -106 90 76 -52 122 19 93 66 -66 87 72 -30 58 78 100 111 -38 18 -125 -121 38 21 128 31 0 96 -68 125 -73 -58 -7 -53 -98 -61 21 -106 84 -16 86 -112 -58 28 -16 126 -23 -45 107 65 99 108 70 8 0 69 -91 126 35 -33 121 88 35 -16 -95 63 49 52 84 3 -93 40 18 -25 -61 128 -29 
42 -47 -52 -23 -77 -74 -82 57 52 113 92 48 18 -71 39 -24 90 -107 7 23 68 -71 -23 -58 -38 -112 86 63 -47 84 -96 121 -92 -22 -32 -43 31 12 -116 -47 -5 102 128 -117 -99 37 -15 117 57 118 10 -5 -82 114 63 6 128 19 -60 -49 -26 -30 -58 8 75 36 91 -24 -81 101 55 40 73 53 50 100 -39 -95 87 -112 -106 -33 9 -62 -49 -57 70 -51 88 -120 26 -68 -23 94 66 -78 1 27 24 46 
-2 -51 -44 -59 129 -124 -89 -40 -92 124 -26 -72 -38 109 -8 39 -78 -68 115 -119 -61 11 -61 42 -24 -124 90 103 29 -16 19 -102 59 101 -35 58 104 3 -112 -118 -3 -12 -64 85 -32 54 -5 16 112 -20 23 -79 117 89 89 -37 91 49 -64 -10 -97 81 14 89 53 106 17 27 -21 32 35 102 -110 97 58 -16 21 -77 127 3 29 20 51 16 -21 10 106 -60 -70 -88 57 -41 120 -59 -82 43 -83 62 -60 22 
-36 101 -5 -20 68 -77 91 -41 -28 88 88 127 -22 9 13 84 -110 -11 -106 -54 28 77 31 18 -111 76 -69 -68 8 -3 81 98 -32 -54 -52 -94 -5 -91 -9 93 123 -51 90 -28 85 -27 -74 101 89 -54 -83 -13 -106 74 -125 -91 20 -68 -33 -102 55 -82 122 -107 -10 -59 -75 111 -24 42 74 -30 117 34 68 72 -122 120 43 93 -64 86 -50 -44 31 -49 -9 -79 9 85 -54 -66 129 -62 -47 -10 5 4 -29 108 
-84 -84 -52 -97 76 -114 102 80 -124 15 43 -62 -28 119 21 129 -60 -118 -80 75 93 -8 -121 93 57 -42 -47 -68 88 50 -90 -126 92 -16 -96 39 -4 -124 -11 -2 17 -97 63 115 -108 -46 114 -41 -38 -95 -96 -74 23 -90 -111 -50 -6 -32 9 -47 -112 45 -47 107 -100 -17 16 22 -15 -125 -109 129 -96 80 114 -77 -96 99 8 -8 -126 38 44 23 74 59 100 -61 -103 -21 18 -88 -106 97 -111 -80 -49 31 69 62 
32 86 61 63 36 46 112 66 15 -10 -72 15 -102 99 -92 99 28 -122 -92 52 -17 52 90 4 19 105 50 96 6 -11 29 -92 -55 -40 97 107 -124 79 43 17 -61 98 -98 -36 67 -63 -67 -35 -59 -33 -113 51 -111 103 -75 34 78 101 1 -46 -39 -100 -11 32 -14 -44 10 -11 -94 -77 -124 -29 -109 -95 61 84 -32 120 -80 35 -43 -67 -44 -28 -93 7 -123 111 -21 4 -64 66 30 51 -32 -114 -123 104 1 -91 
-102 4 7 -85 35 -62 126 129 -71 -84 34 12 -25 117 111 8 -6 114 -10 99 -12 52 35 -112 -27 -126 -100 -24 104 28 12 128 -98 -111 -86 63 -47 -90 62 8 -48 -34 -109 53 -47 128 -68 74 112 48 43 -30 -30 -51 -16 69 -51 10 -85 -77 -92 53 -78 -64 68 -38 125 -108 -2 57 26 76 -106 43 -1 -27 41 57 -83 23 -25 87 119 71 -94 -27 10 -19 110 52 30 -112 -25 78 -49 -86 -90 -54 -68 34 
-126 84 -20 -106 -2 106 -7 -91 33 37 59 -121 -6 48 76 26 -108 -43 -123 128 -121 33 -114 -20 -18 -37 20 18 36 78 -77 36 33 29 56 -99 5 -81 -64 -91 82 121 -86 -54 40 116 98 58 -57 101 56 -52 5 68 55 113 -98 -55 1 64 -106 50 -30 53 -50 -104 80 81 -59 -114 116 -106 -122 -100 -34 44 -113 -65 -28 -44 -94 -102 31 37 92 -44 20 120 27 -108 54 47 68 -106 -30 -112 -84 -80 96 -16 
-67 82 4 -63 109 96 107 122 -99 -51 -52 -66 -27 105 97 -65 -69 -12 -74 85 6 106 2 -56 127 99 -41 -87 -111 -75 23 -52 -123 -103 11 112 120 -12 104 -109 63 -77 -49 -94 -102 -81 -32 -44 33 20 -89 -91 -4 39 -21 -7 8 64 33 24 115 -74 98 119 -50 -20 101 -60 94 76 -43 28 125 35 60 -107 80 -102 -25 -17 44 12 18 -89 -78 123 30 56 58 -67 -50 43 -14 -81 32 62 25 4 128 -11 
-50 -45 -113 -55 116 74 -36 66 98 66 -81 13 -52 63 50 -4 57 -50 -77 -15 10 -1 -102 122 44 57 54 -61 -69 52 55 7 -123 68 78 120 12 -88 56 -19 104 102 120 -77 35 40 45 -38 116 94 73 -4 -36 98 -12 -122 25 -88 -56 82 90 125 -41 94 63 -93 84 -54 -55 10 53 -80 -18 43 -31 -112 -47 -116 -24 -61 105 -80 62 -61 -112 -80 -57 39 -41 13 -9 -81 8 76 -117 -58 109 93 14 -76 
-26 -63 -30 82 106 65 96 -71 76 -57 -6 51 -11 -74 116 3 -27 -71 -88 58 69 29 103 -53 -25 113 15 -46 76 -101 4 -80 -38 101 129 -62 36 95 -7 -18 -92 114 -97 23 -90 -111 -104 9 -55 -66 -63 -116 89 -89 -43 -66 -106 99 14 96 124 -111 -113 -43 116 -114 21 22 107 -115 -125 -114 125 -96 35 -95 -80 58 41 -9 118 104 1 78 -115 84 -118 -95 53 23 128 48 38 -115 -125 24 -103 22 -84 -126 
33 -83 -114 28 -52 48 60 -6 -24 -29 111 -36 -55 -18 -88 -43 -64 -79 -12 116 70 -14 34 -22 -3 35 128 20 -73 -86 21 87 -42 33 -15 32 -49 -85 -104 53 12 -123 -112 84 -15 -74 -89 47 -27 25 33 -87 -118 -63 17 5 98 15 -104 -104 56 43 109 -116 -54 -36 42 24 6 64 -53 -112 67 -39 98 -78 14 -121 95 113 31 -1 -103 39 62 40 -86 31 -74 -64 53 108 105 32 118 -78 122 30 72 -2 
-36 -111 13 -99 -23 -19 -51 117 -13 -86 100 -112 39 123 53 -28 34 93 129 86 -100 52 64 -125 -46 52 -77 -54 -48 121 71 42 -119 -46 69 -16 61 -112 -29 -82 -72 -59 -68 94 -65 111 -64 95 75 -65 51 101 113 -15 102 -63 -93 -104 9 -15 -113 -50 -103 -106 30 92 4 -38 106 101 6 -96 -87 65 124 -26 46 -70 -61 -9 -9 116 -38 -26 -29 -65 37 4 -43 -83 115 -30 -7 -118 -9 -106 100 121 -18 76 
93 114 106 -124 49 101 -24 -34 -99 41 83 19 27 -84 119 124 -23 27 -2 60 70 -17 -100 -67 -9 17 -47 -39 9 61 -93 -28 46 -117 -26 -35 110 76 57 -118 -13 11 27 -116 53 16 -122 -100 -87 2 86 109 111 112 -87 -28 0 -8 59 -121 -76 92 -23 96 101 77 -69 82 23 115 90 -120 -4 -13 -110 -81 129 -106 -55 -87 22 -99 -108 3 -117 -69 101 9 50 30 14 100 -8 117 66 -37 64 123 -85 -43 
108 -125 -37 -26 -12 -21 19 -12 -1 90 27 -109 117 45 20 127 103 -9 6 23 -109 -109 -7 9 -122 -71 99 69 -78 -116 -104 -99 -114 -14 1 0 91 -109 114 -39 107 11 -22 95 -73 125 92 -100 -14 -32 49 4 -15 -88 -117 -10 -33 108 -71 15 119 -49 42 -125 63 -86 1 25 -69 -14 112 -92 123 -40 129 -80 -45 91 -54 68 -70 121 -58 41 -97 -49 -99 -4 -70 -44 -118 -81 34 50 -80 -33 90 47 118 -109 
-97 100 -74 -103 -69 -75 -57 12 -113 16 -50 -57 7 18 110 37 96 -118 -97 -104 -36 -89 -59 124 88 -13 -38 48 -96 -50 66 -66 -79 118 -43 -22 -87 26 116 -74 -88 -63 -5 46 81 -24 -47 47 -16 -18 69 74 20 -120 69 -22 -7 -99 -104 24 -23 88 84 24 76 -89 128 116 63 115 -88 102 -78 34 18 129 -120 97 47 -10 -51 -14 -66 95 -7 129 -57 112 -100 -34 6 4 -76 -40 -102 127 -3 -103 113 -69 
-118 -105 -97 -70 55 47 -71 61 14 102 -79 89 -41 -18 55 78 -19 124 60 8 -40 -63 -118 11 23 -94 8 -109 -71 -9 -52 -63 12 -23 -7 -62 -106 49 125 34 21 -83 -7 106 25 -82 54 -124 -87 -15 10 -1 48 18 -120 -59 51 14 -42 106 -125 32 -86 14 -121 33 78 -101 -48 73 59 100 116 -77 76 11 -33 1 14 6 112 -106 -124 30 39 -118 97 -40 23 -74 -64 24 84 -24 -92 90 -120 112 115 -42 
56 45 -72 42 94 -125 -76 -69 2 64 64 -16 84 66 -116 -7 74 107 79 -33 -97 -114 118 114 -12 -104 74 -6 -121 59 79 61 -26 -123 -27 -62 -122 23 -4 6 -43 -70 116 -88 122 126 31 66 104 -19 -96 -123 -7 -108 117 107 -86 61 -28 -81 -9 -79 106 91 -76 -50 -100 -71 99 22 61 -73 78 48 -35 70 44 122 6 18 -27 36 22 92 54 9 70 95 -59 -88 -116 58 -41 117 19 9 -63 45 64 -94 
-63 -4 -41 -115 -86 50 81 84 43 -42 -27 -114 120 121 105 45 0 45 10 67 83 20 -5 -88 7 -115 47 70 56 -18 103 120 104 -68 -125 -112 109 83 98 22 -89 -59 34 -99 -68 9 72 59 -76 -48 -4 -123 99 118 -85 -24 129 89 -83 55 -59 -110 45 -85 -52 47 -71 -73 0 -103 75 37 -35 -20 64 23 115 7 -48 -90 85 75 -87 54 63 -45 -99 62 -86 -56 -13 -19 -40 -97 22 34 76 77 88 -54 
100 33 109 -65 -117 43 85 125 -80 -93 -95 -124 108 -56 56 41 25 83 -27 65 -103 87 -84 -17 116 64 -112 62 11 102 -122 -18 5 113 43 15 26 -2 10 73 32 41 75 10 111 1 -78 7 -45 21 -58 -22 -22 -15 88 -36 -81 102 -104 57 74 -100 -91 -51 -117 78 90 36 -53 -30 -21 105 -119 -76 -15 119 51 33 -4 -124 -75 64 -19 29 -81 -61 120 -35 -89 -114 -108 111 -87 -73 -70 -78 -125 -109 84 -52 
-13 -67 -77 -5 -17 35 -16 -95 -62 106 -93 -11 40 14 -111 86 79 -121 -79 116 -109 -61 97 -70 -8 -102 -21 -7 -85 -67 68 28 -7 117 -107 102 22 3 -123 87 -21 -89 -54 -110 51 -39 102 1 -34 -107 -13 -16 -42 -45 40 76 -21 -111 -61 20 -51 -123 -82 68 121 -62 40 13 67 44 -30 -83 81 43 -67 2 -126 -95 129 -33 -76 -13 77 8 68 -13 -46 -83 3 19 63 78 23 107 16 14 -85 -74 -103 109 
96 -6 -104 47 -93 -45 -80 -93 -14 -81 0 36 32 -53 -86 -30 61 -6 13 -66 -117 -54 -118 32 -76 24 -84 -35 76 -60 -56 43 60 -34 -40 93 47 6 126 -97 52 -3 65 -46 70 105 51 1 -31 -66 61 -21 7 69 -119 57 -37 -76 -108 -90 -10 -37 79 -80 55 -91 -117 -27 42 -121 2 -36 2 -62 44 -57 -87 -35 70 9 26 2 114 -97 -59 121 86 31 -85 104 67 31 -63 16 77 119 51 86 -38 -37 
92 90 53 -36 -102 -32 33 -62 59 -26 73 -45 102 57 -16 -87 48 -60 70 90 -85 7 -9 -22 -107 -61 -33 71 -105 55 -96 113 16 84 -52 40 -78 107 104 107 -49 47 -67 -77 -26 43 -37 -107 110 -97 109 -105 37 -30 -1 56 35 93 -3 57 18 28 40 -96 -18 114 71 30 92 45 7 -87 -37 66 -37 63 -20 52 82 -40 81 61 -19 -12 -98 106 -85 63 69 38 -10 -42 -64 -99 -12 44 -115 -71 -56 103 
101 78 -113 -66 14 -24 123 120 -102 76 -50 105 7 57 -36 35 34 5 -31 -27 -87 85 57 -24 112 -84 -110 124 -29 -39 97 -58 -91 110 2 49 -44 -4 40 -20 -58 116 -44 75 44 46 -19 -52 -79 76 47 -40 31 -25 62 14 17 79 8 114 -90 -25 -73 -55 -44 55 120 38 -79 30 -111 -11 17 -29 -65 -69 -113 42 5 -66 -12 -78 20 -111 23 -47 29 -90 -98 -93 -105 -62 9 -52 9 91 129 -1 -1 -79 
-100 14 36 43 111 97 100 124 9 -25 -72 123 23 75 -117 -83 -102 38 -47 -74 72 -26 -10 -49 48 125 -88 48 -6 37 95 20 -78 1 -67 -97 -31 -97 -102 104 4 -48 98 -102 -103 107 -59 -79 15 20 -27 -43 121 89 34 39 84 72 -43 -51 -20 -78 95 28 50 -101 57 -111 -72 81 119 59 -96 87 83 -73 64 -106 -25 -50 40 74 33 31 34 -62 -59 -12 -120 24 63 -14 73 29 -116 -7 54 68 8 108 
19 -3 37 49 -45 -10 103 -111 10 -52 -35 -79 -108 125 78 52 -67 -111 -89 -61 40 100 52 -17 -1 62 102 -77 0 -20 -98 -110 103 65 65 -72 -74 38 -56 62 112 35 109 -125 30 58 53 89 73 90 -101 -17 61 77 92 -70 9 64 -20 -120 -86 8 -104 -112 -57 87 -58 -5 -4 12 -72 -22 -82 -93 -21 74 91 -97 34 35 119 59 -112 50 6 107 107 -115 41 -43 -109 82 91 -87 96 -96 127 -92 26 -7 
47 80 97 91 113 -53 35 75 -24 -61 -20 -35 124 -6 -114 0 -29 119 12 -117 -54 29 91 -93 69 57 -63 66 91 89 -71 8 39 -104 -31 23 -31 -125 -32 71 -60 74 -93 -65 -62 -81 61 36 -92 -57 45 -20 99 6 13 38 -67 76 -26 -106 36 29 29 -55 51 124 94 -109 125 -68 88 -64 -124 121 -3 -59 -90 -72 103 -56 -2 18 50 -33 -106 -67 -125 -47 -120 -25 -27 42 -126 128 113 51 123 78 68 118 
-120 27 -76 -117 18 47 -50 55 102 -77 125 -30 67 46 63 87 105 64 -90 111 -91 9 23 -91 8 7 86 1 -45 25 -11 -39 -78 40 -30 66 -43 46 -9 -71 95 -13 25 32 -97 -42 -11 -122 -108 25 116 -73 -95 9 -38 39 -114 -81 -90 -33 70 25 55 118 -65 -105 54 19 68 -84 74 33 29 -30 -64 58 54 51 62 73 -53 48 126 -22 -72 -41 -113 -60 4 -77 34 -56 74 -41 -68 -120 -20 112 25 -82 
-102 -31 78 53 65 -116 -19 -10 61 -86 -67 -122 88 -71 -18 -114 14 -5 -47 -112 44 113 -42 -11 -58 16 -5 48 -1 -110 93 23 -15 41 -53 -79 51 54 37 -18 94 96 -13 53 -105 95 65 36 -39 -112 50 -125 127 -121 -10 -61 21 111 114 -110 127 77 40 -17 -12 113 30 -91 37 -63 17 2 -97 -126 -75 -76 96 116 86 -73 -125 7 -72 128 12 45 -62 -97 26 -78 -80 24 125 86 -123 -17 69 33 18 -24 
96 -95 104 125 -94 -101 -81 128 -114 -124 -75 -113 9 -21 -115 -109 -106 -51 -80 47 -3 -34 -59 -8 -78 -56 101 117 103 -11 -36 69 21 -62 64 53 -36 109 51 -24 111 102 -11 -10 -49 0 7 -28 76 54 -111 -57 -110 -44 62 -61 26 33 -74 -1 -107 16 -62 40 81 128 -37 -85 107 -116 17 89 112 -124 -51 -67 2 83 31 -52 7 46 18 23 128 -50 88 24 109 -115 -107 128 27 -43 38 -22 -45 127 19 -67 
-119 -94 -108 119 -92 -33 -77 37 -80 80 111 53 -3 -1 -53 -5 75 -95 -110 55 -84 -91 53 70 -7 -38 -82 74 -41 64 -123 -33 96 -105 -44 -125 -11 5 38 35 -44 19 -41 79 -111 32 -56 90 63 -40 15 106 -4 -61 46 115 27 90 59 112 24 63 -51 -9 84 32 -8 -57 -93 -100 105 -11 45 -66 -62 60 92 9 21 25 95 -94 1 -39 -29 -83 -54 124 -122 -124 107 28 65 -74 -111 19 84 7 89 118 
33 64 -23 -51 124 42 -121 86 -79 26 -19 -114 59 109 -26 -100 -104 46 -105 -100 48 128 55 -17 -76 70 129 -121 -52 88 123 107 22 -30 -74 16 -118 -68 -28 -71 84 79 -58 13 58 42 40 81 -42 61 107 -123 59 32 -14 109 -27 -15 114 47 -57 107 24 91 -52 77 -23 -44 -121 75 12 89 25 80 -27 -47 -8 -117 -96 76 70 -118 79 -1 40 -64 -22 -117 47 -37 56 117 -60 -49 78 14 -102 -74 97 -97 
127 -21 118 22 -71 -39 102 47 -30 -124 -7 -90 -116 -57 35 51 5 -116 60 -78 -27 -13 -91 39 64 114 -76 88 -90 -109 117 -93 -4 105 56 51 -63 28 -32 33 30 87 70 41 -100 -25 -38 31 -15 -108 80 84 5 115 -6 -61 99 44 -103 -121 61 -116 -87 -73 116 95 104 -77 -7 -58 82 -107 -101 22 60 -74 124 -108 83 -21 -89 33 -66 42 19 54 108 -12 -32 -125 -6 -101 -114 33 -48 128 -2 -74 -79 117 
-6 129 -120 19 22 67 71 16 85 25 121 122 -72 -75 35 73 105 13 -68 -57 14 52 -32 26 -45 46 24 79 98 71 66 -38 71 72 108 -37 9 49 105 -35 -56 96 -43 -1 -108 118 -58 123 1 0 -63 -114 -78 31 38 3 -52 -67 -48 -84 -126 -112 5 71 87 -17 -96 -34 -98 -121 57 -27 102 -115 98 120 129 -90 113 1 37 -80 13 85 78 -79 -41 -104 -20 37 -62 -19 52 69 -78 9 -78 -47 101 -49 
-42 29 50 -70 40 18 -80 39 54 -96 -90 -39 -50 49 -83 -102 97 2 -80 -53 -91 -15 54 87 -76 103 -34 -27 -74 -62 50 10 93 -30 67 3 114 113 -88 38 -113 -51 126 -36 124 -87 -12 91 41 35 -91 76 -110 89 34 -60 62 126 39 114 -66 -41 -5 -103 55 -68 26 39 -85 65 -52 -71 -116 -56 19 -122 -17 -123 96 -106 38 -125 96 54 90 0 121 23 -3 30 7 57 116 128 81 41 -70 -23 -49 -28 
-88 25 27 -78 95 -84 -73 -52 -81 -107 -32 84 -106 -66 8 110 61 -1 3 -72 -100 -119 111 -114 -121 62 53 -64 -90 -126 34 -52 25 -69 -3 -10 -27 50 64 18 69 -98 -28 89 -37 107 69 -106 -24 -57 -52 2 -50 -71 14 -45 118 -62 17 -102 -62 -79 -28 90 -22 95 -50 77 15 -115 -34 -46 -87 64 -87 2 41 109 22 -112 -78 96 16 -2 -104 -99 79 -116 -35 -33 -92 29 14 6 -11 119 -28 66 66 113 
77 -98 -62 116 93 -23 -11 4 -44 -119 18 4 104 -95 128 126 -68 78 -120 23 -85 -86 -78 55 46 38 44 -112 -26 -19 128 -79 9 -64 -93 -28 39 22 103 122 30 -9 -4 4 22 -5 0 80 -57 6 -27 -16 46 22 -91 -38 -70 80 -23 30 -69 -25 77 66 37 110 -91 -54 3 -118 -62 -97 -1 61 33 -108 -74 -97 98 -5 35 -58 105 -49 90 -116 39 -110 90 -114 46 -109 -13 -7 84 -106 -27 119 -33 102 
127 31 -125 -4 -38 34 14 14 63 -17 -121 -32 51 110 45 11 121 -45 27 81 -33 -57 99 81 62 53 101 -95 42 -62 -122 39 96 -121 -95 -72 40 46 69 -27 -101 74 68 76 55 -17 -43 46 64 110 -3 -98 -77 -34 109 111 -111 80 -114 57 -111 -110 -34 111 -104 -2 -91 62 -86 104 -95 -61 49 99 -115 -26 -47 -32 -110 -113 -52 13 -85 -3 106 -106 -22 121 101 -10 49 116 7 -115 97 29 9 -124 -39 49 
107 -8 114 26 -38 125 126 41 -37 -114 54 37 25 96 -96 1 116 8 -7 87 125 -88 73 2 -77 40 -99 59 43 -12 -22 20 106 -37 -84 -62 -42 -88 105 48 -76 30 -45 75 -4 -14 -53 -18 120 66 -60 115 104 -117 -13 -103 50 14 82 -37 128 -69 109 105 20 -105 -87 104 -67 -111 22 -17 45 104 -72 -89 -40 1 19 -50 -63 85 -64 -89 95 49 -65 15 -66 -113 104 -68 -56 83 -93 90 104 -53 65 -93 
-38 -43 16 -123 -69 70 -86 17 -58 59 94 5 15 -100 43 -20 75 104 121 -121 117 95 -62 -68 48 -29 -108 22 44 83 55 -124 -89 -59 -121 -32 -119 -81 112 -51 105 76 81 -10 102 -6 96 47 -32 87 53 -45 52 117 13 -30 -42 32 118 129 -15 43 -125 22 110 -119 117 117 -74 99 -63 -99 45 -112 17 17 8 -17 -66 102 -60 113 -73 118 100 67 -42 -71 -31 -54 -72 80 115 -71 -27 95 -64 -40 83 -11 
-71 -110 16 100 -96 -96 -13 38 13 47 10 80 31 63 68 1 0 -103 56 95 -31 110 46 -45 -90 -111 -80 -28 -25 129 87 30 -111 -26 0 -81 4 113 83 -113 30 -37 93 -69 -103 32 59 23 55 -15 -11 -106 -34 -95 -25 2 -80 22 100 21 21 58 -79 37 -98 47 82 32 30 36 45 -70 125 9 -12 -108 -89 -83 42 92 28 -99 112 120 -68 -42 -8 -22 106 -37 125 -3 -109 -84 -96 -81 89 113 77 -11 
19 -8 45 14 127 -97 33 -92 -54 -55 126 101 -28 109 91 30 -63 -46 -122 -87 43 129 36 60 -85 67 105 -126 50 52 -11 -61 -86 -96 79 -88 -66 -18 -54 6 53 -57 -23 -105 -78 -61 51 -15 19 55 24 -68 54 -70 118 95 123 93 95 43 15 -46 108 55 -15 58 93 45 -90 -90 -79 90 -21 25 111 27 90 33 -118 -21 -42 32 37 -117 88 25 104 82 -12 70 -5 129 -106 -26 54 5 -98 18 -80 -62 
54 -32 -102 -97 119 -120 56 79 39 64 -72 123 -34 91 -124 -76 -14 107 -124 100 47 -2 99 67 98 23 -57 126 -89 -11 -66 91 83 -41 120 72 -35 46 21 -126 -20 75 123 72 36 126 123 -108 103 125 118 20 -7 87 -43 -39 -19 26 -43 18 -114 18 -20 95 103 -30 38 -62 -113 -71 -62 -7 -125 -69 -64 37 -73 -71 56 -100 -76 44 46 44 2 -126 -125 109 26 -41 -3 38 103 103 4 76 -56 -88 -116 -43 
-33 -52 76 -32 5 -118 -124 59 -63 58 85 -12 -28 2 -98 100 2 -97 79 -102 -12 -53 63 -39 -80 -63 -93 -10 -25 -83 73 68 -9 20 -93 123 28 -91 52 92 93 7 -50 -65 -121 -22 -94 7 7 111 32 122 -72 -35 -47 -25 28 -13 91 129 30 35 67 -108 -75 100 -115 79 -121 63 41 98 -60 117 -96 -54 -35 -64 79 99 -83 -19 91 -28 72 -86 73 -30 27 34 -31 -72 -61 -93 -54 -10 -123 -43 -60 -117 
-110 107 107 -44 95 -119 28 -70 -57 -22 -101 -13 85 116 85 28 -99 28 124 54 -68 -36 108 -2 -3 -76 114 0 7 -76 9 23 -98 -13 106 123 -6 4 -77 64 108 -51 -79 64 -65 -124 -38 -38 30 -44 -113 88 46 121 -44 -87 -84 -59 40 49 -9 -81 -57 19 32 -81 12 -103 49 62 87 28 -119 -122 -38 -58 -120 50 31 36 -124 44 -6 49 35 77 88 77 -112 -2 -3 5 44 66 -105 -54 111 33 -31 30 
-35 -74 -72 -28 -70 16 41 -64 -64 -58 98 -61 112 -37 114 17 -90 72 -35 -76 -59 88 55 111 24 76 -73 5 -20 23 -95 71 75 -40 -86 -124 102 81 -62 -91 -107 -93 -26 -125 -4 -42 18 32 -100 109 82 -33 67 7 -52 -39 -46 2 92 60 -105 124 1 96 -46 41 98 -74 -8 -93 -39 11 -60 61 12 62 -111 -99 -36 -84 -120 -84 9 74 49 84 -95 129 -44 124 59 -23 118 -69 -57 -58 98 -88 -6 -39 
-55 82 98 11 13 -19 -57 29 8 33 71 14 75 -50 -42 -6 -96 -10 -6 -14 -16 -77 89 -28 -20 -97 40 -51 -59 -96 36 12 112 4 -107 -4 111 -38 -105 -11 121 92 -126 66 -88 -42 -70 -57 74 50 55 -72 100 15 26 -50 44 -64 25 111 -33 -69 -7 -51 62 12 71 43 100 92 -97 91 54 -97 27 93 -13 83 -94 -68 4 87 -14 -26 -28 -117 50 -114 -55 -54 123 38 3 -14 114 -65 124 55 105 94 
18 -122 55 -58 -93 -48 -95 20 -94 -63 78 36 -105 -65 -120 -7 -56 56 6 15 128 -1 -76 2 112 -92 63 106 89 38 71 -23 42 -4 46 75 75 77 -34 107 -115 -86 13 -94 -25 19 25 45 -55 -99 -69 -56 27 -19 72 9 15 5 -15 -26 -86 -74 78 82 49 -6 28 -6 -59 120 -29 -48 -96 110 -16 6 -1 -120 -79 70 -93 -22 -116 60 85 82 -61 -30 -42 51 71 -2 103 19 -50 22 -117 104 -114 -50 
94 -17 29 125 -37 -117 1 88 -111 48 29 -77 -103 39 109 108 -8 -81 -51 76 96 -110 -56 69 35 20 -38 44 -5 -26 120 -41 84 19 -46 -83 29 81 -124 44 0 31 93 23 -60 73 1 58 118 76 4 84 92 74 23 -3 -35 111 -89 86 -44 -98 -85 -90 47 -4 -47 -54 -53 -45 117 73 112 80 -34 -77 23 94 107 11 40 -18 -35 3 -74 115 126 17 96 -92 -27 -78 -64 15 -42 109 -119 38 -74 -46 
119 -87 -102 102 119 -10 -105 13 -46 128 -106 121 -20 -14 -6 33 -29 -10 -80 -63 24 20 -14 86 -95 70 66 -88 -22 118 -8 -32 -99 16 -60 -110 -123 -39 29 -43 -41 50 -52 66 -94 68 -31 3 -71 15 66 79 -95 -78 36 -64 119 -28 -26 -33 -40 93 61 -13 -21 127 3 -18 -42 -97 66 44 79 -116 -20 111 79 75 -16 -122 -40 -80 83 -8 -31 -11 54 -42 87 -101 51 -83 118 -17 30 -33 -20 -96 76 65 
-67 12 -21 -118 22 85 119 -29 30 -27 -25 116 19 -71 -22 114 44 -97 -58 2 -72 120 45 -84 -27 -54 9 79 -24 -45 14 35 93 119 43 -14 74 32 83 -26 -125 -71 -39 20 -16 65 5 -102 94 73 26 -108 63 -58 -66 -94 14 70 112 116 -105 -4 21 115 -14 -66 -29 -70 92 -76 31 93 -21 118 -17 89 53 114 114 18 58 10 36 -9 78 97 24 -38 37 6 -52 58 128 95 43 -16 -101 -116 41 117 
-65 -58 80 40 -70 -66 0 109 -82 -16 -3 102 120 -96 -36 69 127 114 -99 34 -10 -24 -38 -12 -59 -124 99 -33 -114 10 -46 -53 78 -95 114 -122 -35 -16 113 9 94 -19 -18 84 11 72 23 8 56 51 -88 -84 -103 0 30 -36 2 -1 57 15 -121 -118 88 83 -87 72 87 4 -74 71 -117 -110 -78 -9 101 59 -67 -6 -63 115 -85 -25 -99 -62 101 58 29 -26 -73 -44 115 -67 -36 73 -114 3 16 100 -123 68 
41 -113 85 89 4 56 18 64 -80 81 49 -38 -74 77 26 -103 5 -75 -3 58 8 -18 117 98 -74 -126 -28 68 100 -25 6 11 -12 -39 -30 119 -113 114 53 -66 65 -28 22 117 -81 -82 -116 50 -30 8 -21 104 116 -34 72 -88 -34 -86 106 -64 16 -17 73 -126 70 -87 119 84 -103 42 -112 88 -115 36 75 -70 80 86 107 -80 -36 -44 -106 -50 48 93 -11 -115 -123 -35 -53 19 74 -109 20 15 -70 9 -31 -46 
-78 -17 -88 -67 -111 114 -11 95 70 -34 -114 -96 48 -94 -20 -33 125 95 -22 129 -69 51 18 -125 68 -92 16 125 44 111 -51 92 -36 -13 -105 -21 -29 10 -55 -89 103 -43 -59 21 -11 48 114 -15 13 -38 -16 70 -116 128 72 78 -93 -42 73 77 -60 -108 39 30 6 60 -120 103 -60 -49 -115 -87 34 -48 61 -107 126 45 4 10 -122 114 -50 -112 113 -108 92 -110 -23 36 93 43 54 2 -57 -70 -68 -51 -96 -2 
26 -85 38 -70 -7 -31 -50 -10 -116 80 126 -112 65 -54 -98 48 -35 121 64 68 27 27 -19 -49 -101 50 8 -43 126 38 81 22 79 -11 79 -58 84 -101 58 95 105 54 109 40 127 -118 -42 -38 129 -108 -100 26 45 7 103 70 -73 -19 -103 -77 -111 105 72 94 -36 21 -93 -81 46 91 -116 21 16 119 -68 13 127 16 101 126 35 127 22 -50 4 -4 -109 57 103 -86 107 119 -111 49 83 -20 -60 116 25 112 
78 35 3 -36 24 61 103 22 -52 74 18 109 71 -89 -71 -55 33 -54 128 6 -13 105 -5 2 24 -51 108 90 -65 3 72 -117 -92 -54 -27 59 -123 -54 -49 -49 -110 95 -70 87 -124 -14 -98 35 58 -99 -88 -85 -124 33 44 27 108 22 -13 -86 -104 -70 -77 -70 2 23 115 5 95 -64 83 112 -98 -117 69 -96 -5 98 66 -76 125 104 -35 127 7 -121 24 -14 28 -118 26 50 -62 75 106 66 -32 92 -59 -66 
-102 -106 -84 -74 -96 111 -43 25 79 -107 75 74 123 -89 72 0 -84 -34 112 70 -26 8 -10 38 -46 -33 -26 48 -71 42 108 -47 62 -106 6 92 -124 89 -12 81 108 -67 26 101 -30 -32 -29 13 60 -46 -47 -95 88 70 69 -88 -93 -86 87 -38 82 65 41 14 86 -83 -23 88 -124 91 39 110 -106 -65 81 -9 29 -77 -126 -40 3 -47 -9 -39 -107 -70 0 -74 -30 -43 14 -78 -108 -74 63 104 -31 -90 62 -28 
127 -28 -48 -109 33 -96 8 -67 -47 8 19 82 88 -120 -87 107 -64 39 -96 33 122 44 81 -115 96 14 115 -64 50 48 34 47 -110 112 65 49 -114 -57 108 -35 78 -3 -83 36 3 -43 13 66 122 43 -31 115 -42 -80 126 -76 61 111 -14 -19 29 -110 -101 45 129 90 -35 -115 -97 -57 -23 107 67 20 13 -60 103 -103 -124 96 66 -29 81 -106 18 77 -55 -51 58 57 56 -42 74 81 129 73 41 -36 84 71 
34 -69 48 -29 78 -68 37 51 -45 40 17 -109 -119 -32 -88 25 -85 -17 100 100 -90 27 -72 110 -22 -73 53 -110 18 8 87 -78 65 5 19 13 63 -74 -65 -112 92 78 -94 100 -83 -56 -5 -42 53 -34 -72 89 119 -18 70 -33 36 -7 -17 -76 127 -60 -28 63 72 117 -54 5 -87 7 20 -124 -44 52 102 -1 122 -33 83 45 59 -118 4 48 -10 -56 -114 -104 64 -5 -54 61 62 44 -6 4 31 67 -121 71 
-56 25 73 26 -53 45 -105 -61 -118 105 110 68 113 -15 -14 -27 55 -2 -4 -11 120 68 -79 52 -17 41 -74 -116 -22 -69 81 49 83 24 -55 -100 -61 -33 -34 -52 -58 -54 -114 -75 57 -2 24 -17 123 -110 98 113 85 -111 35 -62 57 87 -52 -95 -112 -100 80 97 50 -104 124 116 -11 -40 -66 57 32 -54 108 -40 70 2 69 63 19 37 46 -26 53 -49 38 -20 -92 112 11 -77 -118 -38 -110 59 -16 -116 45 99 
-30 105 26 129 -79 4 -41 117 -124 -102 51 21 61 -33 121 -16 45 29 90 79 12 -28 128 20 60 -111 -51 -86 -101 120 -117 -4 95 35 -5 -114 -91 80 -126 -89 104 51 59 35 -112 50 -110 59 -50 106 9 88 -52 7 -22 -122 22 54 -82 48 44 -73 -86 10 88 35 22 123 -15 22 -95 -41 -57 90 120 -42 10 -120 -113 86 113 22 44 -69 -100 -107 -64 48 73 -20 -34 -13 34 6 123 -8 -89 16 -14 22 
-92 17 107 -22 -23 98 62 113 104 75 70 87 -32 -16 -111 -6 3 -49 -88 -54 57 5 60 -39 -119 53 80 -81 -61 -64 67 -26 79 45 78 -74 13 10 -91 -13 -45 105 -55 49 -40 -40 -87 89 37 -48 -94 -36 83 92 52 90 15 2 -121 81 64 73 -75 13 -12 129 65 127 9 100 -16 90 76 55 10 -94 -115 49 121 48 127 -103 -117 80 115 61 41 1 -67 46 -48 123 -11 3 6 103 2 -59 100 -119 
-89 -45 97 113 -120 -23 -111 -108 -103 -119 66 -106 -96 75 101 -110 6 12 17 65 -72 95 58 44 -32 -66 17 96 1 -12 103 39 69 70 22 75 -82 38 93 -59 45 30 -39 75 -25 -68 91 108 70 -22 43 125 -57 -28 39 37 32 -74 3 -96 40 -24 69 -21 -83 -39 -75 -39 125 -112 28 40 44 115 -14 -110 -82 -53 124 114 52 37 109 121 -121 18 29 38 71 -98 68 -19 5 7 87 48 94 -118 -121 90 
-104 33 0 67 18 112 83 62 -70 77 47 108 -16 26 99 -10 -85 -2 -102 112 27 92 -37 -98 -31 -80 76 -67 -72 81 -107 -49 -16 20 -112 128 2 97 61 58 44 -22 36 -102 -126 6 14 -85 -126 38 -103 27 0 -13 55 95 33 1 -101 88 -48 -82 -91 62 64 -77 61 -63 -110 -8 121 60 96 28 84 96 -96 -31 -118 -96 -123 -95 58 4 18 -17 -31 -78 111 -6 -120 -67 39 -85 122 -27 -36 53 36 -20 
-85 28 -90 -119 -74 120 103 -44 -41 111 -14 -37 -113 -86 93 31 24 -68 79 5 53 85 64 -38 126 56 61 -40 -21 -32 66 20 122 102 27 -82 93 1 0 -78 -18 112 11 -5 -103 -26 -103 47 33 102 -78 -44 58 112 44 54 39 -25 -115 -112 69 77 35 61 50 -68 105 13 59 -25 61 -88 -42 -57 33 -19 43 56 -102 -54 29 -54 28 -43 -72 -58 -119 93 44 -108 108 -17 96 13 -85 16 71 -110 -101 1 
-8 86 39 76 -101 -58 -73 69 125 -49 -115 24 23 40 107 77 108 114 41 22 -123 19 -124 99 -98 -83 -15 99 -67 10 -30 51 -34 -121 -3 -8 -52 50 -69 -57 127 -58 93 20 108 70 -32 87 54 -121 -21 57 24 -19 26 52 24 -119 21 84 17 118 5 110 123 129 -28 -59 49 29 10 47 97 -27 -63 76 -87 31 33 94 36 -118 21 -70 -10 -82 108 -116 -75 0 94 69 -12 -30 49 -19 -31 -109 49 -112 
46 -71 61 13 29 125 -41 68 26 118 32 -67 127 -76 -11 -13 -32 -32 -3 19 94 -38 -42 -48 58 -123 59 -103 -106 -22 -89 66 34 99 -50 -67 94 35 127 -10 24 30 49 21 80 -91 -122 -82 3 1 63 -33 89 -108 45 17 -105 -26 40 -84 79 78 108 -17 47 -72 42 11 90 39 127 -16 -61 47 -125 -111 82 -121 -67 -45 6 123 48 -34 -115 -37 109 -94 63 20 -52 12 -32 -73 121 -115 -19 33 22 -59 
-57 19 51 8 -64 52 24 -112 57 83 -31 -66 76 -113 26 87 -24 5 120 -90 -105 -62 48 -11 -9 40 0 99 -57 -108 -90 12 38 88 -109 100 10 41 115 -62 -6 -46 -2 -59 -32 -106 -102 70 25 -112 106 47 -47 25 -94 70 -65 33 39 4 51 76 -113 -41 34 -96 -70 -86 71 -85 -22 -65 -5 102 2 89 122 27 30 18 41 6 -65 120 -99 -33 61 -38 126 -30 93 48 -84 106 -123 76 -120 -67 117 77 
-26 -35 -118 96 -62 11 55 -70 -92 -45 74 75 88 -121 66 115 -27 -3 -52 -31 93 -89 -113 -120 -113 -109 82 -107 -50 69 96 51 -95 104 17 -31 -15 -58 25 19 24 -30 -35 -18 -25 -99 -33 74 24 41 -86 -13 78 -73 -7 91 -56 -54 110 21 -115 76 -58 -84 51 85 11 -94 -103 -93 52 47 3 -113 -101 104 -86 -7 49 64 -96 89 -79 109 -114 41 70 -43 113 51 104 124 -3 -84 -89 -82 127 48 -49 -106 
81 129 68 -46 -114 93 -71 -74 -44 104 116 -13 63 -93 -34 75 74 -94 -98 57 83 -124 52 -49 -82 89 -5 -85 7 72 -64 -41 71 -126 39 83 93 94 -121 -80 68 121 33 1 -101 125 -53 99 -99 -25 27 111 -22 -51 -68 22 -92 53 64 41 -4 126 126 -63 126 36 -109 89 0 -104 -121 -61 -112 38 66 -87 33 -117 -118 61 -15 35 42 89 110 100 -19 -112 23 -85 56 -111 -89 52 -47 -93 -42 -30 123 85 
-8 128 -106 6 37 86 45 -60 96 54 127 -49 -41 39 -90 -60 9 17 -46 -97 59 -120 -82 96 59 -3 -126 -113 93 123 98 -44 121 118 88 28 75 4 95 41 -72 92 118 13 2 -102 79 -119 41 -96 -90 -30 -90 -45 -63 95 78 -63 109 42 -70 77 124 -79 66 82 76 11 -44 41 -78 10 3 -90 -106 -125 -66 99 -117 101 129 -81 -58 -90 0 5 -125 -51 68 110 117 124 58 111 -85 -6 63 117 -125 -110 
28 -77 26 -98 -41 46 -97 19 16 -88 -10 15 -42 58 51 84 -67 53 -97 127 33 -110 121 -39 127 -93 81 61 -106 82 77 49 -125 -27 77 -40 -110 106 105 32 -111 -34 -83 -27 -106 95 -73 -46 18 -43 -49 -79 -27 -57 9 -29 -24 -40 -98 -4 -87 105 -85 -86 -52 118 1 -36 95 -24 122 110 68 -90 -47 89 -125 6 -87 19 89 -10 66 -67 59 -55 30 -95 32 58 28 71 33 69 111 107 58 -18 -58 23 
85 -66 3 23 -30 82 -18 -29 -42 21 116 -82 -118 53 -23 67 124 -123 99 26 61 -3 -33 -36 -64 -51 -59 120 57 9 13 12 70 -114 -94 -90 94 14 8 -77 -94 -6 -33 -86 -83 70 107 -88 73 76 64 4 -57 -98 94 6 -23 -95 -4 -96 41 -120 43 -19 -108 75 17 113 -41 -105 -94 -9 16 -1 31 59 -61 9 97 -118 -45 32 12 25 60 -24 -99 -93 7 23 -63 -82 29 106 25 48 51 -87 31 -119 
-66 63 -2 76 -68 -100 6 -3 35 -27 5 116 -125 -113 11 61 -11 38 94 122 -68 -98 -89 87 -122 62 5 56 101 -94 63 -94 95 -69 108 -103 -43 -16 20 118 84 -105 105 85 -92 -14 17 23 -105 -19 16 -47 9 53 -90 14 -15 42 -60 -43 74 129 -11 40 -70 -33 63 14 78 -46 2 32 -25 -23 -13 10 90 -126 -97 111 -18 45 -66 117 -32 -30 1 80 -118 67 -93 83 66 22 -7 123 115 -74 7 63 
6 -121 -35 108 -17 79 -12 -57 79 17 -76 -69 -67 -16 -81 27 80 46 -23 89 -16 10 42 -80 -98 -95 -87 -112 -43 46 77 90 52 -87 68 -95 118 -74 -26 67 69 24 125 128 -122 -86 26 84 86 129 43 -60 10 -45 -13 38 -14 26 52 70 -57 0 30 121 39 -32 -104 27 20 -4 -36 -41 -110 -41 -42 -106 -1 110 104 -44 109 18 22 -11 99 -121 -102 -44 32 76 -104 101 -54 52 92 111 -110 114 8 36 
-20 99 121 -4 -72 -51 16 54 -71 -10 -120 -91 -122 28 24 104 34 48 -70 -64 -5 -48 -93 67 -126 125 49 -110 109 -73 52 -41 -104 43 81 -49 119 -33 -125 -82 83 -119 -47 88 35 104 62 -61 22 118 1 -113 -60 34 81 -60 29 0 -44 8 53 -122 93 76 47 44 -103 36 -119 -102 81 91 -95 -96 49 66 -122 -19 -124 27 -31 3 40 35 -92 -9 101 63 117 -73 -58 41 -69 -95 -13 104 76 10 11 83 
34 -38 44 65 -8 -37 1 -3 70 3 -106 -91 -123 60 70 -89 -78 41 100 -91 94 -88 76 -105 -56 -67 126 -110 69 7 99 -27 95 14 -92 -43 103 36 80 44 -91 100 79 -88 31 20 -51 79 -69 -80 114 -104 -42 61 -83 28 120 -87 44 60 46 14 -97 11 -102 -62 95 127 100 45 41 -121 16 -9 -82 -83 -119 -7 122 -62 39 106 -40 124 37 4 22 28 43 -63 -42 -40 77 -13 97 101 51 62 98 21 
-22 10 27 120 127 71 -93 -122 -66 -101 -58 100 -125 29 94 39 -97 -14 -63 72 49 21 -98 -4 -122 126 -33 56 58 -64 -53 -94 72 100 -104 69 41 -71 73 102 -46 -115 72 -44 40 36 121 69 -108 -72 12 68 75 40 -66 79 36 28 5 -35 90 79 -3 32 49 20 -29 -39 75 -86 -67 -100 -75 -125 -18 92 37 -27 31 55 27 -87 -7 -28 80 54 -79 -14 -48 53 77 -88 2 -55 70 -79 91 -89 8 36 
-49 67 62 2 68 -86 -36 -25 13 122 -99 -90 -95 20 8 111 -56 56 -32 22 -21 -85 60 107 -14 0 -102 -53 37 33 110 114 -30 42 -13 -91 83 77 10 -34 69 37 3 101 -72 -119 82 -2 63 -80 -109 -88 -38 77 -111 74 -52 -86 -108 111 73 128 96 -87 40 -47 -52 -7 -100 85 86 96 -8 -41 67 46 -34 19 -85 -100 66 -68 -62 -102 -121 -46 98 -47 -6 116 -65 -63 114 -99 -24 25 -20 51 -112 6 
6 100 -28 124 -71 -91 41 22 55 82 48 -9 -116 112 15 -111 -64 -17 -31 56 -30 30 119 -46 57 -34 105 -93 -113 120 39 19 90 -118 13 -110 -83 -76 38 98 -124 -44 -41 -114 -62 100 -98 1 -46 -3 -73 50 -103 -83 -126 80 9 106 113 22 96 22 -89 56 30 50 72 74 101 -20 42 103 62 128 116 127 98 -112 -2 -78 11 51 98 34 94 99 -16 -27 75 -33 121 41 115 -98 -33 16 79 -90 -40 50 
16 128 23 -51 126 9 -54 95 23 70 -113 -96 -9 112 64 -44 81 -82 55 26 11 47 -63 -3 75 30 -117 24 66 -31 -56 -47 -33 94 28 -36 -27 100 -71 123 40 -58 -103 -99 -76 88 -17 -125 -124 -91 27 14 82 90 -119 27 -9 -110 -78 -73 -15 -8 6 78 -44 -96 -88 56 -126 -33 49 40 36 72 68 86 30 -79 88 33 -44 -15 -83 -92 -54 -76 62 63 -60 110 116 51 -28 -7 -1 55 23 38 -19 24 