50
-23 72 -21 -11 -45 129 -52 110 -85 79 60 45 116 125 101 -56 -2 68 -42 122 -99 106 105 15 -8 -36 -80 -27 -75 33 75 28 -24 -76 -113 57 -77 -38 37 -36 -89 -33 -121 -103 -38 107 -32 86 45 52 
79 72 29 54 -42 -109 -112 4 -10 -61 -93 -65 94 9 -14 107 -64 35 -61 99 126 -23 -64 -125 0 25 108 94 -19 24 17 -70 -34 -84 110 50 -67 125 -76 49 -66 -42 110 -102 93 -34 -124 -100 128 -59 
125 124 44 -68 125 -85 83 104 -121 -66 -2 22 -9 90 64 -29 11 123 -34 61 42 27 -111 23 51 109 115 53 -121 113 121 -126 107 35 -68 103 76 -115 77 82 -54 -55 -26 63 -95 -91 -96 42 -98 -3 
-26 71 -106 -11 -36 71 -32 -51 -5 -27 -67 -14 -26 -90 -109 32 -117 94 44 86 46 116 -99 -110 49 -67 -75 79 101 -46 -54 -55 -105 -34 61 -15 -92 -101 60 29 -1 119 -115 99 -100 -98 1 -91 122 -85 
122 38 -99 -107 55 76 -48 106 26 -76 -70 98 -5 -49 -65 -74 62 -31 -48 -7 124 77 -18 -121 46 8 -93 -83 44 -100 -41 36 64 -14 55 -11 -67 -122 -34 85 -72 22 53 49 100 114 102 32 -47 -76 
-105 -53 127 4 -48 43 -118 -14 86 52 12 -85 -42 -54 28 -116 62 87 -112 -102 42 -58 46 -35 117 16 -50 89 -81 29 -117 -60 103 -120 70 -75 49 79 37 6 1 -81 47 86 -8 -55 96 -76 -98 110 
-52 70 -78 120 -94 -91 7 -18 125 52 -119 -122 118 110 -115 59 -94 60 8 69 -64 -121 115 110 91 -23 -75 57 27 -46 37 101 -106 85 91 -74 121 -32 34 116 -110 42 120 -121 22 -125 64 54 62 -58 
-6 124 -53 -21 104 -91 82 -100 92 -21 -20 0 -50 0 -45 -89 53 -54 6 -43 -68 22 125 -77 27 18 -76 -39 -58 112 29 62 107 103 -89 81 -118 119 107 100 -32 -43 -30 44 84 52 82 7 124 -42 
90 -73 106 86 -24 4 -26 26 91 42 9 -9 -25 -14 -36 12 -63 -28 2 -85 -58 96 -2 39 11 -48 -39 -37 85 -45 47 46 8 23 2 110 -103 102 7 115 14 -114 -24 115 -2 66 -2 61 -92 126 
102 -24 92 -29 -115 -27 49 -28 62 5 54 -21 -79 -68 129 49 -87 -104 21 46 -119 -95 58 -17 -109 -74 -81 15 113 -47 11 86 56 -27 -73 67 73 102 -90 5 -23 90 111 24 -108 110 -57 -69 -124 90 
103 -116 122 31 -7 -117 83 39 24 67 118 -95 23 44 4 76 -18 -53 48 18 79 -104 -22 60 46 -4 40 116 54 42 76 27 52 68 -71 -84 77 -118 81 -29 75 69 2 -32 -16 -123 -86 92 -50 89 
-20 -101 111 84 85 27 -50 -5 13 -126 -92 -40 28 86 -102 83 128 102 91 79 -57 37 19 72 -125 129 75 -84 91 -105 -125 -59 -79 112 -105 -124 9 -29 -2 -107 -28 32 -21 126 -12 3 79 -13 -25 40 
-64 45 -53 81 -13 -51 80 -68 -9 41 -47 -8 108 0 -26 129 3 109 -29 127 128 69 29 -23 65 -113 107 14 0 -48 -76 63 123 -2 14 -20 73 -35 38 -66 -124 118 52 111 -12 -104 110 117 -125 -49 
114 -126 -110 13 -23 81 27 -46 -35 -103 33 16 86 26 -116 -29 -123 83 62 41 -113 64 29 65 45 -112 87 26 -125 88 103 116 88 120 -1 -64 71 -104 16 -93 -80 -81 49 -124 72 59 -27 75 12 -95 
-14 25 96 -114 -40 11 -100 -83 -93 -99 -125 -119 -113 90 127 13 -104 68 35 38 101 81 84 20 84 26 -51 -73 -29 87 -41 83 -18 -75 95 68 62 121 111 96 -107 113 103 -94 73 100 45 95 38 -49 
3 10 -98 -43 -100 112 109 -24 -90 -50 -67 -5 -96 42 46 125 -20 -22 117 -38 -56 -120 -55 -83 -88 -112 -113 84 109 52 -95 -18 -68 -67 66 -42 -84 45 60 -48 122 120 73 -104 32 -11 -109 -118 93 -122 
-30 -92 -116 41 -49 -77 55 -35 -123 34 -113 -92 -113 -55 -33 79 29 9 -6 -40 87 -14 -50 30 8 108 -111 26 116 109 30 -43 -113 41 124 -36 90 50 55 93 -46 68 127 -33 -117 -36 -84 39 100 37 
125 57 -107 -55 -42 28 -77 -27 -76 -91 -48 80 -8 -35 -9 -13 56 -49 -93 -19 -86 -13 -80 -89 81 -71 2 123 94 -28 30 89 -101 50 -96 -17 -52 -47 83 -2 -11 -95 -52 107 -3 66 -36 -77 -113 -3 
30 -72 111 76 -35 62 -124 93 55 96 -65 -44 56 -39 -124 86 70 -50 -90 23 74 25 55 -108 2 -78 84 93 -29 98 -40 127 -104 -59 74 -13 129 76 -49 55 42 12 -119 -32 99 -117 -75 40 -41 -39 
-67 -97 112 114 -79 -16 -94 -124 -53 3 100 34 1 122 101 -55 -21 101 -109 56 26 59 -61 33 -102 -92 42 -51 74 127 36 -122 -100 18 118 -53 128 -105 -51 -54 24 -81 106 -105 -89 77 -34 17 48 -17 
-57 -56 -87 8 103 -63 43 15 12 -13 12 -82 -9 38 62 -20 112 60 1 -69 -124 -105 -23 108 -83 14 56 9 -99 -26 119 -29 45 -98 105 18 -35 18 -96 103 -124 42 -109 -7 -49 79 99 -67 9 -30 
-10 12 -8 93 -10 35 -22 -84 -86 5 17 -97 102 -68 -69 78 76 22 -34 106 -5 -32 19 12 88 96 -39 57 -101 97 -102 15 -21 16 -21 95 -79 83 -118 -39 -42 25 -9 -69 83 48 -121 29 -59 -29 
6 62 66 -105 -55 24 117 32 -49 -114 -1 -25 27 104 117 -124 70 -92 85 78 -4 -86 -27 113 -29 -74 31 -24 81 98 73 -43 31 9 -22 102 -97 -35 4 -19 -23 -126 82 -125 104 70 -123 44 104 89 
-8 -30 129 91 -47 -30 -113 111 72 95 79 15 -78 -20 -105 27 -48 -76 118 83 31 -34 83 -16 -33 57 -76 -30 -28 -102 -71 90 -5 -72 52 74 24 65 55 -34 30 5 108 79 111 129 -24 -66 -77 -36 
-113 81 56 96 -65 -107 23 -15 -10 121 9 45 82 -126 100 4 75 -6 -61 0 87 96 -125 65 45 113 64 -109 -83 113 -19 -70 64 -92 -104 125 -73 45 -20 43 37 116 -41 -11 116 -71 119 61 49 -72 
-68 6 -106 -67 -59 65 -84 -125 82 -41 115 -66 15 49 -32 37 45 21 -47 -105 -65 116 -119 20 -25 124 75 -36 55 -6 18 113 127 39 -83 -62 -26 -41 -60 -73 45 -75 -13 -70 100 81 94 15 -28 -83 
37 33 -97 44 -77 4 38 124 94 -36 -11 -18 -53 -14 -109 -10 50 -8 76 116 45 -9 -89 -98 47 -118 109 11 23 -49 54 -70 111 83 101 -96 -43 9 -101 -79 99 14 30 -83 126 47 33 46 -91 -21 
33 80 96 70 108 14 78 87 -105 -28 -91 76 28 -110 29 -1 -80 113 -121 -55 -96 104 85 60 -109 81 -22 51 -2 13 -100 -99 -36 123 97 -58 7 46 -100 28 -112 -65 -26 42 -49 -126 -88 -3 113 -83 
69 -113 -109 24 74 -91 -24 -78 86 100 61 112 127 -105 105 94 -36 -18 10 -10 -119 24 51 -19 -63 128 -19 -25 -5 -36 18 -66 -22 35 85 -78 70 -69 -30 26 -99 -99 9 -102 -77 -16 118 13 93 -1 
129 100 -107 50 -49 -44 48 59 57 -87 -107 -55 -26 -3 107 -71 45 47 -14 -115 -56 13 -87 79 37 -38 -67 25 101 -104 -106 100 122 -86 20 -56 -4 -62 129 -76 -23 -108 -5 77 16 -28 -124 -69 -110 -12 
-57 -40 127 -18 -91 34 70 -32 -70 41 -9 -50 11 -17 -10 -99 53 113 -35 52 -93 68 71 28 16 -43 127 18 14 -113 -123 83 -27 -126 -65 8 35 -125 102 91 42 -37 -89 -77 73 28 -50 -4 11 41 
-81 44 -20 116 -58 122 -57 -61 10 83 -48 13 37 51 14 98 -71 -81 100 -98 -120 12 -9 -83 62 -66 71 -118 57 -48 50 102 122 -100 88 -65 -108 -99 0 28 110 79 -88 17 0 52 -14 56 97 -44 
84 103 94 -55 -110 26 6 88 35 -67 -90 -45 -95 -97 -19 119 -36 -1 -110 90 -103 126 39 -65 14 -90 113 126 92 80 -48 46 53 -84 117 70 69 -7 28 -26 52 64 55 83 93 -94 72 -73 31 88 
-112 54 85 53 116 -31 89 99 -35 51 50 43 -33 -27 85 -45 -87 24 74 67 124 -3 2 49 -50 -35 81 -107 19 -18 107 33 -93 62 -44 -107 -99 -84 118 -8 93 38 -95 -69 -118 117 12 -79 11 -44 
115 6 79 -13 -75 -100 78 -123 -81 -33 -15 -104 126 18 85 -47 37 112 -5 26 -25 -42 -66 6 15 -58 -7 -103 -10 -125 -20 -25 7 -71 88 58 -45 36 61 0 -126 -83 23 126 61 -22 -51 -31 -40 70 
121 61 -101 -75 -62 40 -6 57 64 110 58 -86 -45 -65 -31 -87 120 51 75 51 -79 75 94 70 72 26 -82 -109 121 5 88 112 -64 113 -93 0 23 27 -72 -43 7 112 -3 88 -82 93 127 -92 14 73 
85 61 18 50 2 -40 -54 46 -22 -63 -79 -64 -81 -16 -81 -48 110 68 106 -92 -104 -17 -109 19 -58 -65 -18 -61 -31 122 -118 -76 54 27 100 -74 113 -84 98 -39 -21 -110 23 24 0 68 103 -20 7 79 
15 29 -68 32 -82 0 93 27 66 -68 19 74 -18 -57 -29 -47 -5 -45 -5 -36 42 101 -20 -64 -5 106 -126 -32 -44 7 -83 97 -94 -24 -1 -49 102 -38 104 38 20 -7 -17 129 63 80 -48 -72 -95 73 
18 74 44 124 -120 -90 100 -120 4 -73 14 48 -106 46 -106 20 123 122 108 97 31 -1 -39 -116 -2 -106 90 76 -52 122 19 93 66 -66 87 72 -30 58 78 100 111 -38 18 -125 -121 38 21 128 31 0 
96 -68 125 -73 -58 -7 -53 -98 -61 21 -106 84 -16 86 -112 -58 28 -16 126 -23 -45 107 65 99 108 70 8 0 69 -91 126 35 -33 121 88 35 -16 -95 63 49 52 84 3 -93 40 18 -25 -61 128 -29 
42 -47 -52 -23 -77 -74 -82 57 52 113 92 48 18 -71 39 -24 90 -107 7 23 68 -71 -23 -58 -38 -112 86 63 -47 84 -96 121 -92 -22 -32 -43 31 12 -116 -47 -5 102 128 -117 -99 37 -15 117 57 118 
10 -5 -82 114 63 6 128 19 -60 -49 -26 -30 -58 8 75 36 91 -24 -81 101 55 40 73 53 50 100 -39 -95 87 -112 -106 -33 9 -62 -49 -57 70 -51 88 -120 26 -68 -23 94 66 -78 1 27 24 46 
-2 -51 -44 -59 129 -124 -89 -40 -92 124 -26 -72 -38 109 -8 39 -78 -68 115 -119 -61 11 -61 42 -24 -124 90 103 29 -16 19 -102 59 101 -35 58 104 3 -112 -118 -3 -12 -64 85 -32 54 -5 16 112 -20 
23 -79 117 89 89 -37 91 49 -64 -10 -97 81 14 89 53 106 17 27 -21 32 35 102 -110 97 58 -16 21 -77 127 3 29 20 51 16 -21 10 106 -60 -70 -88 57 -41 120 -59 -82 43 -83 62 -60 22 
-36 101 -5 -20 68 -77 91 -41 -28 88 88 127 -22 9 13 84 -110 -11 -106 -54 28 77 31 18 -111 76 -69 -68 8 -3 81 98 -32 -54 -52 -94 -5 -91 -9 93 123 -51 90 -28 85 -27 -74 101 89 -54 
-83 -13 -106 74 -125 -91 20 -68 -33 -102 55 -82 122 -107 -10 -59 -75 111 -24 42 74 -30 117 34 68 72 -122 120 43 93 -64 86 -50 -44 31 -49 -9 -79 9 85 -54 -66 129 -62 -47 -10 5 4 -29 108 
-84 -84 -52 -97 76 -114 102 80 -124 15 43 -62 -28 119 21 129 -60 -118 -80 75 93 -8 -121 93 57 -42 -47 -68 88 50 -90 -126 92 -16 -96 39 -4 -124 -11 -2 17 -97 63 115 -108 -46 114 -41 -38 -95 
-96 -74 23 -90 -111 -50 -6 -32 9 -47 -112 45 -47 107 -100 -17 16 22 -15 -125 -109 129 -96 80 114 -77 -96 99 8 -8 -126 38 44 23 74 59 100 -61 -103 -21 18 -88 -106 97 -111 -80 -49 31 69 62 
32 86 61 63 36 46 112 66 15 -10 -72 15 -102 99 -92 99 28 -122 -92 52 -17 52 90 4 19 105 50 96 6 -11 29 -92 -55 -40 97 107 -124 79 43 17 -61 98 -98 -36 67 -63 -67 -35 -59 -33 
-113 51 -111 103 -75 34 78 101 1 -46 -39 -100 -11 32 -14 -44 10 -11 -94 -77 -124 -29 -109 -95 61 84 -32 120 -80 35 -43 -67 -44 -28 -93 7 -123 111 -21 4 -64 66 30 51 -32 -114 -123 104 1 -91 
